DOWN :
27960 7424 4636 396 1840 396 1840 396 724 400
 720 400 720 400 724 396 724 400 1840 396
 1840 396 1840 396 724 396 728 396 1840 396
 1840 396 724 396 728 392 1844 392 1844 392
 728 392 732 392 728 392 732 392 1844 392
 728 392 732 392 728 392 1844 392 1848 388
 1848 388 1848 388 732 392 1844 392 9632 7392
  2416 388

POWER :
8840 4580
 456 1780 452 1784 456 648 472 652 468 656
 468 656 460 664 460 1784 448 1788 452 1784
 448 672 452 672 448 1788 444 1792 448 676
 444 676
 444 1792 444 1792 444 680 440 680 444 1792
 440 1796 440 1800 436 684 440 680 440 684
 436 1800 436 1800 436 684 440 684 436 684
 436 1804 432 xxx
 
 1100 0001 1100 1100 C1CC
 1100 1110 0011 0001 CE31